26468015 32533054 
5446 1009 1009
31831879 99876596 96864400 (9 0 2|0.1=1.0&1.0=2.2&0.0>12472|1.0 0.3 0.4)
27314139 10766320 (9 0|0.1=1.0&0.1>1150|0.3 1.0)
901496306
NULL NULL NULL
281654532 282357938 841559324
187822 1036243 187822
1771710026
22766314 22766314 (3 1|0.1=1.0&0.2<3071|0.2 0.2)
4634779503 627329747 627329747 (3 1 12|0.1=1.0&1.0=2.1&0.0>26374|2.0 0.1 2.1)
41316024 267394881 9912745
NULL NULL
9283
760151704 2430170493 2398594221 (3 0 13 13|0.2=1.0&1.0=2.1&2.1=3.2&0.2<74|1.2 2.5 3.5)
NULL NULL NULL
NULL NULL 
3537544236 319415951 334176745 (11 0 2|0.2=1.0&1.0=2.2&0.1<5283|0.0 0.2 2.3)
1645366150 1016283918 788397597
106938127 (9 1 11|0.2=1.0&1.0=2.1&1.0=0.2&0.3>3991|1.0)
10014140 6526034 6526034 (4 1|0.1=1.0&0.1<5730|1.1 0.1 0.1)
NULL NULL
81073
265717 299090
179170057
65339549 18594932 12524601
744497 7983214
3377819501 3395449560 3377819501 (12 1 6 12|0.2=1.0&1.0=2.1&0.1=3.2&3.0<33199|2.1 0.1 0.2)
5032407477 1146864253
255982520 (11 0 2|0.2=1.0&1.0=2.2&0.1<4217|1.0)
23837499 33633760 23837499
1391837538 (7 1 3|0.2=1.0&1.0=2.1&0.3<8722|1.0)
42163975 42772523 (4 1 9|0.1=1.0&1.0=2.2&0.1>345|0.0 1.2)
858534
109050774 109050774
444547
20504095556 20504095556 (0 13 7 10|0.0=1.2&0.0=2.1&0.0=3.2&1.2>295|3.2 0.0)
633080591 1050051803 (7 1 3|0.2=1.0&1.0=2.1&1.0=0.2&0.2>6082|2.3 2.1)
5304879 1634121
259497861 259497861 1733901713
28536640 19373870 (4 1|0.1=1.0&0.1<9795|1.2 0.1)
2135404 (11 1|0.1=1.0&0.1<1688|0.1)
943464 3320201
178397045 178397045 213214740
852794 (13 13|0.1=1.2&1.6=8220|1.5)
203444887 336237721 203444887
230229977 440364776
93772438
840902 45292 63810
103260116758 17416413522 59644305653 (8 0 13 13|0.2=1.0&1.0=2.2&2.1=3.2&0.1>7860|3.3 2.1 3.6)

