4 0
7 1
8 2
11 3
15 4
16 5
21 6
26 7
31 8
35 9
36 10
41 11
43 12
45 13
47 14
49 15
53 16
56 17
57 18
62 19
67 20
72 21
77 22
79 23
82 24
85 25
89 26
91 27
96 28
98 29
103 30
104 31
107 32
109 33
113 34
115 35
116 36
121 37
125 38
129 39
130 40
135 41
137 42
139 43
144 44
147 45
152 46
157 47
159 48
163 49
168 50
170 51
173 52
177 53
182 54
186 55
191 56
194 57
195 58
200 59
203 60
204 61
209 62
212 63
216 64
220 65
225 66
227 67
231 68
236 69
241 70
246 71
247 72
252 73
254 74
259 75
261 76
264 77
269 78
270 79
275 80
277 81
278 82
280 83
284 84
286 85
289 86
294 87
299 88
300 89
303 90
306 91
309 92
314 93
316 94
317 95
319 96
320 97
323 98
325 99
330 100
331 101
332 102
333 103
336 104
339 105
341 106
346 107
351 108
356 109
359 110
363 111
368 112
370 113
371 114
374 115
375 116
378 117
382 118
384 119
389 120
392 121
396 122
399 123
402 124
405 125
407 126
408 127
410 128
415 129
418 130
423 131
427 132
431 133
433 134
434 135
435 136
438 137
443 138
445 139
449 140
452 141
454 142
456 143
460 144
464 145
468 146
473 147
478 148
482 149
483 150
486 151
489 152
490 153
493 154
496 155
501 156
502 157
503 158
504 159
509 160
511 161
514 162
516 163
518 164
520 165
524 166
529 167
531 168
534 169
538 170
543 171
544 172
546 173
551 174
552 175
554 176
559 177
560 178
561 179
566 180
570 181
572 182
577 183
582 184
586 185
589 186
591 187
594 188
598 189
602 190
604 191
609 192
611 193
613 194
615 195
618 196
622 197
624 198
628 199
632 200
633 201
638 202
641 203
642 204
646 205
650 206
651 207
655 208
658 209
660 210
662 211
667 212
672 213
673 214
678 215
681 216
684 217
689 218
693 219
696 220
697 221
700 222
704 223
705 224
710 225
711 226
713 227
717 228
718 229
722 230
726 231
730 232
733 233
735 234
738 235
741 236
744 237
745 238
747 239
751 240
756 241
757 242
760 243
762 244
764 245
765 246
767 247
769 248
773 249
776 250
781 251
782 252
783 253
786 254
790 255
792 256
797 257
799 258
803 259
805 260
807 261
809 262
812 263
816 264
819 265
824 266
827 267
832 268
833 269
837 270
838 271
841 272
842 273
846 274
850 275
852 276
855 277
859 278
861 279
866 280
867 281
872 282
877 283
880 284
883 285
884 286
888 287
891 288
896 289
900 290
902 291
906 292
908 293
912 294
914 295
918 296
923 297
924 298
928 299
932 300
934 301
937 302
938 303
942 304
943 305
944 306
947 307
951 308
956 309
959 310
961 311
965 312
968 313
971 314
973 315
975 316
979 317
980 318
983 319
988 320
990 321
994 322
997 323
999 324
1001 325
1002 326
1003 327
1006 328
1009 329
1013 330
1015 331
1017 332
1018 333
1021 334
1025 335
1029 336
1031 337
1032 338
1037 339
1042 340
1046 341
1051 342
1055 343
1058 344
1061 345
1066 346
1067 347
1069 348
1070 349
1072 350
1073 351
1075 352
1080 353
1084 354
1089 355
1090 356
1094 357
1095 358
1099 359
1102 360
1107 361
1112 362
1117 363
1118 364
1123 365
1125 366
1127 367
1130 368
1131 369
1132 370
1134 371
1138 372
1141 373
1142 374
1143 375
1146 376
1149 377
1154 378
1159 379
1164 380
1167 381
1168 382
1170 383
1172 384
1177 385
1180 386
1185 387
1186 388
1191 389
1194 390
1195 391
1198 392
1203 393
1204 394
1205 395
1207 396
1212 397
1213 398
1216 399
1221 400
1225 401
1229 402
1230 403
1231 404
1233 405
1236 406
1239 407
1242 408
1244 409
1247 410
1252 411
1255 412
1257 413
1259 414
1263 415
1266 416
1270 417
1273 418
1276 419
1278 420
1280 421
1282 422
1287 423
1290 424
1293 425
1295 426
1298 427
1302 428
1306 429
1311 430
1315 431
1317 432
1320 433
1324 434
1328 435
1331 436
1333 437
1335 438
1340 439
1342 440
1344 441
1345 442
1346 443
1350 444
1352 445
1357 446
1358 447
1363 448
1367 449
1371 450
1374 451
1377 452
1379 453
1380 454
1381 455
1386 456
1388 457
1389 458
1390 459
1392 460
1397 461
1402 462
1404 463
1407 464
1412 465
1415 466
1420 467
1425 468
1430 469
1434 470
1436 471
1439 472
1441 473
1444 474
1446 475
1448 476
1453 477
1456 478
1459 479
1461 480
1464 481
1468 482
1471 483
1475 484
1479 485
1481 486
1485 487
1486 488
1487 489
1491 490
1493 491
1497 492
1500 493
1504 494
1509 495
1510 496
1515 497
1520 498
1524 499
1527 500
1531 501
1535 502
1538 503
1543 504
1545 505
1547 506
1552 507
1555 508
1560 509
1563 510
1564 511
1568 512
1572 513
1576 514
1578 515
1583 516
1587 517
1589 518
1591 519
1594 520
1597 521
1601 522
1604 523
1607 524
1611 525
1614 526
1618 527
1619 528
1621 529
1625 530
1626 531
1630 532
1634 533
1635 534
1636 535
1641 536
1646 537
1651 538
1655 539
1657 540
1659 541
1664 542
1669 543
1673 544
1677 545
1678 546
1683 547
1686 548
1690 549
1691 550
1695 551
1699 552
1703 553
1704 554
1709 555
1710 556
1711 557
1712 558
1713 559
1714 560
1719 561
1720 562
1723 563
1728 564
1729 565
1730 566
1735 567
1736 568
1740 569
1743 570
1747 571
1748 572
1751 573
1752 574
1755 575
1756 576
1758 577
1761 578
1763 579
1768 580
1773 581
1778 582
1783 583
1786 584
1787 585
1792 586
1793 587
1795 588
1796 589
1801 590
1803 591
1807 592
1811 593
1813 594
1817 595
1822 596
1825 597
1829 598
1834 599
1836 600
1839 601
1844 602
1849 603
1851 604
1855 605
1856 606
1858 607
1862 608
1866 609
1871 610
1873 611
1874 612
1876 613
1880 614
1883 615
1886 616
1890 617
1893 618
1894 619
1897 620
1901 621
1903 622
1907 623
1909 624
1911 625
1915 626
1916 627
1918 628
1919 629
1921 630
1926 631
1929 632
1933 633
1935 634
1940 635
1944 636
1946 637
1948 638
1950 639
1951 640
1953 641
1958 642
1961 643
1963 644
1966 645
1971 646
1972 647
1974 648
1978 649
1980 650
1982 651
1987 652
1991 653
1992 654
1993 655
1995 656
1996 657
1997 658
1998 659
2000 660
2004 661
2005 662
2006 663
2009 664
2014 665
2018 666
2023 667
2026 668
2031 669
2034 670
2039 671
2040 672
2043 673
2047 674
2048 675
2053 676
2055 677
2060 678
2063 679
2068 680
2071 681
2072 682
2076 683
2081 684
2082 685
2086 686
2090 687
2094 688
2096 689
2098 690
2099 691
2102 692
2104 693
2107 694
2111 695
2115 696
2118 697
2121 698
2122 699
2124 700
2126 701
2128 702
2133 703
2138 704
2143 705
2145 706
2148 707
2153 708
2158 709
2161 710
2164 711
2168 712
2170 713
2173 714
2174 715
2177 716
2180 717
2181 718
2186 719
2189 720
2190 721
2195 722
2200 723
2204 724
2209 725
2211 726
2212 727
2213 728
2216 729
2218 730
2219 731
2221 732
2225 733
2229 734
2234 735
2237 736
2238 737
2242 738
2245 739
2249 740
2251 741
2255 742
2260 743
2265 744
2269 745
2272 746
2276 747
2278 748
2280 749
2284 750
2288 751
2289 752
2292 753
2293 754
2297 755
2300 756
2301 757
2304 758
2309 759
2312 760
2315 761
2317 762
2320 763
2325 764
2327 765
2332 766
2334 767
2337 768
2339 769
2341 770
2343 771
2345 772
2349 773
2351 774
2355 775
2359 776
2361 777
2365 778
2368 779
2370 780
2372 781
2374 782
2379 783
2382 784
2385 785
2386 786
2387 787
2388 788
2390 789
2393 790
2397 791
2401 792
2403 793
2405 794
2410 795
2414 796
2418 797
2419 798
2422 799
2426 800
2430 801
2435 802
2439 803
2444 804
2449 805
2450 806
2455 807
2459 808
2462 809
2465 810
2470 811
2471 812
2475 813
2477 814
2479 815
2482 816
2484 817
2488 818
2492 819
2497 820
2500 821
2505 822
2510 823
2513 824
2517 825
2518 826
2523 827
2525 828
2528 829
2529 830
2534 831
2536 832
2539 833
2543 834
2545 835
2547 836
2548 837
2550 838
2552 839
2556 840
2559 841
2564 842
2565 843
2569 844
2574 845
2579 846
2582 847
2583 848
2587 849
2588 850
2593 851
2598 852
2603 853
2604 854
2605 855
2608 856
2609 857
2613 858
2615 859
2618 860
2621 861
2623 862
2628 863
2632 864
2634 865
2637 866
2640 867
2641 868
2643 869
2647 870
2651 871
2656 872
2658 873
2663 874
2667 875
2668 876
2672 877
2675 878
2676 879
2677 880
2682 881
2683 882
2686 883
2691 884
2692 885
2694 886
2695 887
2698 888
2699 889
2700 890
2702 891
2705 892
2709 893
2712 894
2714 895
2716 896
2720 897
2725 898
2729 899
2731 900
2732 901
2736 902
2737 903
2739 904
2744 905
2745 906
2747 907
2748 908
2753 909
2757 910
2759 911
2760 912
2763 913
2764 914
2769 915
2773 916
2776 917
2778 918
2780 919
2785 920
2789 921
2791 922
2794 923
2798 924
2803 925
2807 926
2811 927
2814 928
2816 929
2818 930
2823 931
2828 932
2829 933
2833 934
2834 935
2836 936
2840 937
2843 938
2846 939
2851 940
2852 941
2856 942
2861 943
2864 944
2869 945
2872 946
2876 947
2879 948
2880 949
2883 950
2887 951
2891 952
2896 953
2899 954
2903 955
2906 956
2909 957
2910 958
2911 959
2916 960
2917 961
2921 962
2925 963
2926 964
2930 965
2935 966
2939 967
2942 968
2945 969
2949 970
2950 971
2955 972
2958 973
2963 974
2967 975
2968 976
2970 977
2974 978
2978 979
2983 980
2987 981
2988 982
2992 983
2993 984
2997 985
2999 986
3003 987
3008 988
3013 989
3017 990
3018 991
3022 992
3025 993
3028 994
3029 995
3033 996
3034 997
3037 998
3040 999
3041 1000
3046 1001
3049 1002
3051 1003
3052 1004
3056 1005
3058 1006
3062 1007
3066 1008
3069 1009
3071 1010
3072 1011
3075 1012
3077 1013
3082 1014
3083 1015
3084 1016
3088 1017
3090 1018
3091 1019
3096 1020
3097 1021
3102 1022
3105 1023
3109 1024
3114 1025
3116 1026
3117 1027
3122 1028
3127 1029
3130 1030
3135 1031
3140 1032
3142 1033
3145 1034
3146 1035
3151 1036
3155 1037
3160 1038
3165 1039
3167 1040
3170 1041
3172 1042
3174 1043
3178 1044
3183 1045
3188 1046
3191 1047
3193 1048
3197 1049
3202 1050
3206 1051
3207 1052
3209 1053
3213 1054
3216 1055
3217 1056
3218 1057
3222 1058
3224 1059
3225 1060
3230 1061
3232 1062
3236 1063
3241 1064
3244 1065
3249 1066
3251 1067
3252 1068
3257 1069
3258 1070
3263 1071
3266 1072
3271 1073
3276 1074
3280 1075
3283 1076
3284 1077
3289 1078
3294 1079
3297 1080
3301 1081
3306 1082
3311 1083
3315 1084
3318 1085
3322 1086
3323 1087
3325 1088
3330 1089
3334 1090
3339 1091
3343 1092
3346 1093
3349 1094
3350 1095
3351 1096
3353 1097
3356 1098
3358 1099
3359 1100
3363 1101
3368 1102
3369 1103
3372 1104
3375 1105
3379 1106
3384 1107
3389 1108
3390 1109
3391 1110
3396 1111
3398 1112
3401 1113
3402 1114
3405 1115
3409 1116
3411 1117
3413 1118
3416 1119
3418 1120
3423 1121
3426 1122
3427 1123
3428 1124
3431 1125
3436 1126
3437 1127
3441 1128
3446 1129
3449 1130
3451 1131
3452 1132
3453 1133
3457 1134
3462 1135
3465 1136
3467 1137
3468 1138
3473 1139
3474 1140
3479 1141
3480 1142
3482 1143
3487 1144
3491 1145
3495 1146
3498 1147
3501 1148
3503 1149
3506 1150
3508 1151
3513 1152
3517 1153
3519 1154
3522 1155
3526 1156
3530 1157
3531 1158
3533 1159
3534 1160
3537 1161
3539 1162
3541 1163
3542 1164
3547 1165
3548 1166
3550 1167
3553 1168
3555 1169
3557 1170
3561 1171
3562 1172
3564 1173
3567 1174
3572 1175
3577 1176
3579 1177
3583 1178
3585 1179
3588 1180
3592 1181
3596 1182
3598 1183
3599 1184
3602 1185
3603 1186
3605 1187
3608 1188
3612 1189
3617 1190
3621 1191
3624 1192
3626 1193
3630 1194
3635 1195
3639 1196
3642 1197
3645 1198
3649 1199
3654 1200
3655 1201
3660 1202
3663 1203
3666 1204
3671 1205
3673 1206
3675 1207
3680 1208
3681 1209
3685 1210
3689 1211
3692 1212
3694 1213
3698 1214
3702 1215
3706 1216
3710 1217
3713 1218
3718 1219
3723 1220
3728 1221
3732 1222
3734 1223
3738 1224
3739 1225
3744 1226
3746 1227
3748 1228
3749 1229
3751 1230
3755 1231
3757 1232
3760 1233
3763 1234
3767 1235
3769 1236
3772 1237
3773 1238
3777 1239
3782 1240
3783 1241
3788 1242
3792 1243
3795 1244
3800 1245
3803 1246
3807 1247
3811 1248
3814 1249
3815 1250
3818 1251
3819 1252
3823 1253
3827 1254
3829 1255
3834 1256
3837 1257
3840 1258
3842 1259
3847 1260
3852 1261
3855 1262
3859 1263
3864 1264
3867 1265
3872 1266
3874 1267
3875 1268
3880 1269
3885 1270
3890 1271
3895 1272
3898 1273
3902 1274
3905 1275
3908 1276
3911 1277
3916 1278
3921 1279
3926 1280
3928 1281
3931 1282
3933 1283
3936 1284
3941 1285
3942 1286
3945 1287
3948 1288
3952 1289
3953 1290
3957 1291
3962 1292
3963 1293
3964 1294
3968 1295
3970 1296
3975 1297
3977 1298
3980 1299
3985 1300
3990 1301
3995 1302
3997 1303
3999 1304
4000 1305
4002 1306
4005 1307
4010 1308
4015 1309
4019 1310
4021 1311
4025 1312
4027 1313
4032 1314
4034 1315
4038 1316
4041 1317
4043 1318
4045 1319
4050 1320
4053 1321
4055 1322
4060 1323
4064 1324
4065 1325
4066 1326
4070 1327
4074 1328
4078 1329
4081 1330
4082 1331
4084 1332
4088 1333
4093 1334
4094 1335
4098 1336
4101 1337
4106 1338
4110 1339
4111 1340
4113 1341
4114 1342
4119 1343
4120 1344
4124 1345
4127 1346
4131 1347
4135 1348
4136 1349
4140 1350
4141 1351
4144 1352
4149 1353
4152 1354
4156 1355
4158 1356
4161 1357
4165 1358
4166 1359
4167 1360
4172 1361
4176 1362
4179 1363
4183 1364
4187 1365
4188 1366
4190 1367
4194 1368
4198 1369
4202 1370
4203 1371
4204 1372
4208 1373
4213 1374
4215 1375
4216 1376
4218 1377
4223 1378
4227 1379
4232 1380
4235 1381
4238 1382
4243 1383
4247 1384
4248 1385
4250 1386
4252 1387
4254 1388
4255 1389
4260 1390
4263 1391
4265 1392
4269 1393
4274 1394
4278 1395
4280 1396
4285 1397
4286 1398
4287 1399
4292 1400
4296 1401
4298 1402
4299 1403
4304 1404
4309 1405
4312 1406
4315 1407
4319 1408
4322 1409
4326 1410
4327 1411
4329 1412
4331 1413
4334 1414
4335 1415
4339 1416
4341 1417
4343 1418
4348 1419
4350 1420
4353 1421
4358 1422
4362 1423
4365 1424
4366 1425
4371 1426
4372 1427
4374 1428
4377 1429
4381 1430
4382 1431
4383 1432
4387 1433
4390 1434
4394 1435
4396 1436
4399 1437
4401 1438
4403 1439
4406 1440
4411 1441
4415 1442
4420 1443
4421 1444
4422 1445
4427 1446
4432 1447
4435 1448
4436 1449
4441 1450
4446 1451
4451 1452
4456 1453
4460 1454
4464 1455
4468 1456
4469 1457
4470 1458
4475 1459
4476 1460
4478 1461
4481 1462
4486 1463
4488 1464
4490 1465
4494 1466
4497 1467
4500 1468
4501 1469
4506 1470
4508 1471
4510 1472
4515 1473
4520 1474
4521 1475
4526 1476
4531 1477
4534 1478
4538 1479
4539 1480
4543 1481
4548 1482
4553 1483
4555 1484
4559 1485
4562 1486
4565 1487
4570 1488
4572 1489
4574 1490
4576 1491
4581 1492
4584 1493
4585 1494
4589 1495
4594 1496
4599 1497
4601 1498
4605 1499
4608 1500
4613 1501
4618 1502
4623 1503
4626 1504
4631 1505
4633 1506
4636 1507
4639 1508
4644 1509
4648 1510
4653 1511
4656 1512
4658 1513
4662 1514
4664 1515
4669 1516
4673 1517
4678 1518
4680 1519
4684 1520
4688 1521
4692 1522
4696 1523
4698 1524
4700 1525
4704 1526
4706 1527
4707 1528
4711 1529
4712 1530
4715 1531
4718 1532
4719 1533
4723 1534
4728 1535
4729 1536
4731 1537
4735 1538
4740 1539
4741 1540
4746 1541
4751 1542
4754 1543
4758 1544
4759 1545
4761 1546
4762 1547
4765 1548
4768 1549
4770 1550
4775 1551
4778 1552
4779 1553
4781 1554
4782 1555
4785 1556
4786 1557
4788 1558
4792 1559
4794 1560
4799 1561
4801 1562
4805 1563
4809 1564
4810 1565
4815 1566
4818 1567
4819 1568
4821 1569
4824 1570
4827 1571
4830 1572
4833 1573
4834 1574
4838 1575
4842 1576
4843 1577
4846 1578
4849 1579
4852 1580
4854 1581
4855 1582
4860 1583
4864 1584
4866 1585
4871 1586
4875 1587
4878 1588
4881 1589
4882 1590
4884 1591
4887 1592
4889 1593
4893 1594
4896 1595
4899 1596
4901 1597
4903 1598
4907 1599
4909 1600
4911 1601
4913 1602
4915 1603
4919 1604
4923 1605
4927 1606
4930 1607
4931 1608
4936 1609
4937 1610
4941 1611
4946 1612
4950 1613
4952 1614
4954 1615
4959 1616
4961 1617
4965 1618
4968 1619
4973 1620
4976 1621
4981 1622
4985 1623
4989 1624
4993 1625
4994 1626
4995 1627
5000 1628
5005 1629
5007 1630
5008 1631
5010 1632
5011 1633
5012 1634
5017 1635
5020 1636
5021 1637
5023 1638
5028 1639
5031 1640
5032 1641
5033 1642
5037 1643
5041 1644
5046 1645
5051 1646
5055 1647
5060 1648
5063 1649
5068 1650
5069 1651
5073 1652
5077 1653
5080 1654
5081 1655
5085 1656
5089 1657
5091 1658
5095 1659
5099 1660
5100 1661
5101 1662
5103 1663
5107 1664
5108 1665
5111 1666
5114 1667
5119 1668
5121 1669
5126 1670
5130 1671
5132 1672
5134 1673
5137 1674
5142 1675
5147 1676
5149 1677
5153 1678
5156 1679
5160 1680
5164 1681
5166 1682
5171 1683
5176 1684
5181 1685
5186 1686
5189 1687
5190 1688
5195 1689
5196 1690
5198 1691
5201 1692
5204 1693
5206 1694
5209 1695
5213 1696
5214 1697
5215 1698
5217 1699
5222 1700
5226 1701
5229 1702
5234 1703
5239 1704
5244 1705
5245 1706
5248 1707
5249 1708
5250 1709
5251 1710
5255 1711
5260 1712
5265 1713
5270 1714
5273 1715
5274 1716
5275 1717
5278 1718
5281 1719
5283 1720
5285 1721
5290 1722
5293 1723
5298 1724
5300 1725
5305 1726
5310 1727
5315 1728
5319 1729
5321 1730
5324 1731
5325 1732
5329 1733
5333 1734
5338 1735
5343 1736
5347 1737
5350 1738
5352 1739
5354 1740
5359 1741
5360 1742
5362 1743
5367 1744
5372 1745
5374 1746
5375 1747
5380 1748
5382 1749
5387 1750
5391 1751
5393 1752
5394 1753
5398 1754
5401 1755
5404 1756
5409 1757
5411 1758
5412 1759
5415 1760
5419 1761
5421 1762
5424 1763
5426 1764
5429 1765
5432 1766
5436 1767
5441 1768
5442 1769
5443 1770
5444 1771
5448 1772
5452 1773
5457 1774
5459 1775
5463 1776
5464 1777
5467 1778
5469 1779
5474 1780
5475 1781
5479 1782
5482 1783
5484 1784
5486 1785
5490 1786
5495 1787
5500 1788
5504 1789
5509 1790
5510 1791
5514 1792
5516 1793
5519 1794
5522 1795
5525 1796
5528 1797
5533 1798
5535 1799
5536 1800
5539 1801
5543 1802
5546 1803
5551 1804
5555 1805
5560 1806
5562 1807
5564 1808
5566 1809
5568 1810
5572 1811
5576 1812
5580 1813
5583 1814
5586 1815
5588 1816
5593 1817
5595 1818
5597 1819
5602 1820
5606 1821
5607 1822
5611 1823
5614 1824
5616 1825
5621 1826
5623 1827
5625 1828
5629 1829
5630 1830
5631 1831
5635 1832
5639 1833
5643 1834
5645 1835
5649 1836
5652 1837
5657 1838
5661 1839
5665 1840
5669 1841
5672 1842
5677 1843
5678 1844
5683 1845
5685 1846
5689 1847
5692 1848
5697 1849
5699 1850
5700 1851
5704 1852
5706 1853
5711 1854
5715 1855
5719 1856
5720 1857
5722 1858
5726 1859
5729 1860
5732 1861
5733 1862
5735 1863
5738 1864
5741 1865
5743 1866
5747 1867
5748 1868
5749 1869
5750 1870
5755 1871
5759 1872
5762 1873
5765 1874
5768 1875
5773 1876
5777 1877
5778 1878
5779 1879
5783 1880
5785 1881
5788 1882
5791 1883
5792 1884
5795 1885
5798 1886
5803 1887
5804 1888
5806 1889
5809 1890
5810 1891
5812 1892
5814 1893
5819 1894
5824 1895
5828 1896
5833 1897
5837 1898
5841 1899
5842 1900
5847 1901
5850 1902
5853 1903
5856 1904
5858 1905
5863 1906
5864 1907
5867 1908
5870 1909
5872 1910
5875 1911
5877 1912
5881 1913
5883 1914
5887 1915
5888 1916
5889 1917
5892 1918
5894 1919
5897 1920
5900 1921
5904 1922
5909 1923
5912 1924
5913 1925
5915 1926
5920 1927
5925 1928
5928 1929
5933 1930
5937 1931
5938 1932
5941 1933
5944 1934
5947 1935
5948 1936
5953 1937
5956 1938
5960 1939
5962 1940
5964 1941
5969 1942
5971 1943
5973 1944
5975 1945
5979 1946
5981 1947
5984 1948
5989 1949
5992 1950
5997 1951
5999 1952
6002 1953
6003 1954
6007 1955
6008 1956
6009 1957
6012 1958
6013 1959
6016 1960
6019 1961
6024 1962
6027 1963
6030 1964
6035 1965
6037 1966
6041 1967
6042 1968
6047 1969
6050 1970
6051 1971
6056 1972
6057 1973
6062 1974
6065 1975
6070 1976
6075 1977
6080 1978
6084 1979
6089 1980
6092 1981
6097 1982
6098 1983
6099 1984
6102 1985
6105 1986
6106 1987
6107 1988
6108 1989
6110 1990
6115 1991
6118 1992
6119 1993
6121 1994
6122 1995
6123 1996
6126 1997
6128 1998
6132 1999
6133 2000
6134 2001
6137 2002
6141 2003
6145 2004
6148 2005
6151 2006
6152 2007
6155 2008
6159 2009
6160 2010
6161 2011
6166 2012
6168 2013
6170 2014
6171 2015
6173 2016
6177 2017
6180 2018
6182 2019
6184 2020
6187 2021
6188 2022
6189 2023
6192 2024
6197 2025
6200 2026
6202 2027
6203 2028
6207 2029
6211 2030
6214 2031
6218 2032
6220 2033
6223 2034
6225 2035
6230 2036
6234 2037
6238 2038
6239 2039
6244 2040
6249 2041
6253 2042
6258 2043
6262 2044
6266 2045
6271 2046
6273 2047
6277 2048
6282 2049
6284 2050
6289 2051
6293 2052
6295 2053
6297 2054
6301 2055
6304 2056
6306 2057
6311 2058
6312 2059
6314 2060
6315 2061
6319 2062
6324 2063
6326 2064
6327 2065
6329 2066
6332 2067
6333 2068
6335 2069
6340 2070
6341 2071
6345 2072
6347 2073
6351 2074
6352 2075
6356 2076
6361 2077
6366 2078
6370 2079
6372 2080
6376 2081
6378 2082
6382 2083
6387 2084
6388 2085
6389 2086
6393 2087
6397 2088
6402 2089
6403 2090
6408 2091
6411 2092
6414 2093
6418 2094
6419 2095
6422 2096
6424 2097
6429 2098
6431 2099
6433 2100
6434 2101
6436 2102
6439 2103
6442 2104
6447 2105
6452 2106
6457 2107
6460 2108
6464 2109
6465 2110
6470 2111
6472 2112
6473 2113
6478 2114
6480 2115
6481 2116
6483 2117
6486 2118
6490 2119
6495 2120
6498 2121
6503 2122
6505 2123
6508 2124
6511 2125
6513 2126
6517 2127
6518 2128
6520 2129
6522 2130
6523 2131
6526 2132
6530 2133
6533 2134
6534 2135
6537 2136
6539 2137
6543 2138
6546 2139
6549 2140
6552 2141
6553 2142
6558 2143
6560 2144
6563 2145
6567 2146
6572 2147
6575 2148
6578 2149
6582 2150
6583 2151
6585 2152
6587 2153
6590 2154
6591 2155
6594 2156
6595 2157
6600 2158
6603 2159
6608 2160
6611 2161
6615 2162
6619 2163
6624 2164
6625 2165
6630 2166
6635 2167
6640 2168
6645 2169
6650 2170
6651 2171
6652 2172
6653 2173
6658 2174
6661 2175
6663 2176
6666 2177
6668 2178
6672 2179
6673 2180
6678 2181
6679 2182
6683 2183
6686 2184
6689 2185
6692 2186
6697 2187
6701 2188
6702 2189
6706 2190
6711 2191
6715 2192
6717 2193
6721 2194
6723 2195
6725 2196
6730 2197
6733 2198
6734 2199
6738 2200
6743 2201
6748 2202
6751 2203
6755 2204
6758 2205
6760 2206
6765 2207
6767 2208
6768 2209
6769 2210
6772 2211
6773 2212
6774 2213
6775 2214
6778 2215
6782 2216
6786 2217
6791 2218
6794 2219
6798 2220
6803 2221
6804 2222
6809 2223
6812 2224
6816 2225
6821 2226
6822 2227
6824 2228
6828 2229
6833 2230
6835 2231
6840 2232
6844 2233
6845 2234
6849 2235
6850 2236
6855 2237
6859 2238
6861 2239
6865 2240
6870 2241
6875 2242
6876 2243
6881 2244
6883 2245
6884 2246
6889 2247
6892 2248
6893 2249
6898 2250
6899 2251
6904 2252
6905 2253
6910 2254
6911 2255
6913 2256
6917 2257
6921 2258
6923 2259
6927 2260
6928 2261
6933 2262
6936 2263
6940 2264
6942 2265
6944 2266
6948 2267
6953 2268
6954 2269
6955 2270
6958 2271
6962 2272
6964 2273
6968 2274
6972 2275
6973 2276
6975 2277
6976 2278
6978 2279
6983 2280
6988 2281
6992 2282
6993 2283
6996 2284
6997 2285
6999 2286
7002 2287
7006 2288
7011 2289
7012 2290
7014 2291
7018 2292
7019 2293
7023 2294
7027 2295
7030 2296
7032 2297
7035 2298
7037 2299
7038 2300
7040 2301
7045 2302
7046 2303
7048 2304
7051 2305
7056 2306
7061 2307
7062 2308
7065 2309
7068 2310
7073 2311
7078 2312
7079 2313
7082 2314
7083 2315
7084 2316
7087 2317
7092 2318
7097 2319
7098 2320
7102 2321
7105 2322
7109 2323
7111 2324
7115 2325
7118 2326
7121 2327
7123 2328
7127 2329
7129 2330
7130 2331
7135 2332
7139 2333
7142 2334
7147 2335
7150 2336
7152 2337
7157 2338
7159 2339
7164 2340
7166 2341
7170 2342
7174 2343
7178 2344
7181 2345
7183 2346
7188 2347
7190 2348
7193 2349
7197 2350
7201 2351
7206 2352
7209 2353
7214 2354
7218 2355
7223 2356
7226 2357
7229 2358
7231 2359
7235 2360
7239 2361
7242 2362
7246 2363
7248 2364
7249 2365
7250 2366
7252 2367
7255 2368
7257 2369
7258 2370
7263 2371
7264 2372
7265 2373
7268 2374
7272 2375
7274 2376
7276 2377
7279 2378
7283 2379
7287 2380
7292 2381
7296 2382
7299 2383
7300 2384
7302 2385
7307 2386
7310 2387
7311 2388
7316 2389
7319 2390
7320 2391
7322 2392
7324 2393
7327 2394
7330 2395
7331 2396
7332 2397
7336 2398
7338 2399
7342 2400
7347 2401
7350 2402
7354 2403
7359 2404
7361 2405
7362 2406
7367 2407
7371 2408
7373 2409
7378 2410
7381 2411
7386 2412
7391 2413
7392 2414
7393 2415
7396 2416
7400 2417
7405 2418
7407 2419
7410 2420
7414 2421
7416 2422
7418 2423
7419 2424
7422 2425
7427 2426
7431 2427
7436 2428
7441 2429
7444 2430
7449 2431
7452 2432
7457 2433
7461 2434
7465 2435
7468 2436
7470 2437
7472 2438
7476 2439
7477 2440
7480 2441
7481 2442
7483 2443
7484 2444
7489 2445
7493 2446
7494 2447
7498 2448
7502 2449
7503 2450
7505 2451
7510 2452
7513 2453
7516 2454
7520 2455
7523 2456
7524 2457
7528 2458
7532 2459
7534 2460
7537 2461
7540 2462
7545 2463
7549 2464
7553 2465
7554 2466
7558 2467
7563 2468
7568 2469
7570 2470
7571 2471
7572 2472
7577 2473
7579 2474
7581 2475
7584 2476
7585 2477
7586 2478
7589 2479
7594 2480
7596 2481
7599 2482
7601 2483
7602 2484
7605 2485
7608 2486
7609 2487
7614 2488
7616 2489
7617 2490
7618 2491
7620 2492
7625 2493
7628 2494
7632 2495
7637 2496
7641 2497
7642 2498
7647 2499
7650 2500
7652 2501
7653 2502
7654 2503
7659 2504
7661 2505
7664 2506
7665 2507
7670 2508
7672 2509
7676 2510
7678 2511
7681 2512
7683 2513
7688 2514
7693 2515
7697 2516
7701 2517
7704 2518
7708 2519
7712 2520
7715 2521
7718 2522
7719 2523
7724 2524
7728 2525
7729 2526
7730 2527
7733 2528
7737 2529
7741 2530
7742 2531
7745 2532
7748 2533
7751 2534
7755 2535
7759 2536
7760 2537
7761 2538
7765 2539
7770 2540
7774 2541
7776 2542
7781 2543
7783 2544
7785 2545
7788 2546
7791 2547
7796 2548
7799 2549
7804 2550
7806 2551
7809 2552
7814 2553
7816 2554
7819 2555
7821 2556
7824 2557
7826 2558
7827 2559
7832 2560
7836 2561
7840 2562
7843 2563
7848 2564
7853 2565
7857 2566
7860 2567
7864 2568
7866 2569
7870 2570
7871 2571
7873 2572
7877 2573
7881 2574
7886 2575
7890 2576
7893 2577
7896 2578
7897 2579
7900 2580
7901 2581
7904 2582
7908 2583
7909 2584
7914 2585
7915 2586
7920 2587
7921 2588
7925 2589
7927 2590
7928 2591
7930 2592
7935 2593
7939 2594
7940 2595
7943 2596
7948 2597
7953 2598
7956 2599
7958 2600
7961 2601
7966 2602
7971 2603
7973 2604
7977 2605
7981 2606
7982 2607
7983 2608
7985 2609
7989 2610
7992 2611
7996 2612
7997 2613
7998 2614
8001 2615
8002 2616
8003 2617
8004 2618
8005 2619
8009 2620
8013 2621
8018 2622
8019 2623
8023 2624
8028 2625
8030 2626
8034 2627
8039 2628
8041 2629
8044 2630
8047 2631
8052 2632
8057 2633
8061 2634
8062 2635
8065 2636
8068 2637
8071 2638
8075 2639
8078 2640
8080 2641
8084 2642
8085 2643
8087 2644
8090 2645
8091 2646
8095 2647
8097 2648
8100 2649
8104 2650
8109 2651
8112 2652
8115 2653
8119 2654
8122 2655
8123 2656
8124 2657
8128 2658
8131 2659
8134 2660
8137 2661
8138 2662
8141 2663
8142 2664
8143 2665
8147 2666
8148 2667
8153 2668
8155 2669
8160 2670
8165 2671
8170 2672
8171 2673
8173 2674
8178 2675
8181 2676
8185 2677
8187 2678
8188 2679
8190 2680
8193 2681
8194 2682
8199 2683
8203 2684
8208 2685
8210 2686
8215 2687
8217 2688
8219 2689
8223 2690
8226 2691
8229 2692
8231 2693
8234 2694
8236 2695
8238 2696
8240 2697
8241 2698
8244 2699
8247 2700
8250 2701
8253 2702
8255 2703
8260 2704
8263 2705
8265 2706
8269 2707
8274 2708
8279 2709
8281 2710
8284 2711
8288 2712
8290 2713
8291 2714
8295 2715
8299 2716
8304 2717
8305 2718
8310 2719
8313 2720
8315 2721
8320 2722
8321 2723
8326 2724
8328 2725
8331 2726
8332 2727
8337 2728
8341 2729
8342 2730
8347 2731
8349 2732
8353 2733
8358 2734
8362 2735
8366 2736
8369 2737
8372 2738
8377 2739
8380 2740
8385 2741
8390 2742
8391 2743
8394 2744
8398 2745
8399 2746
8403 2747
8404 2748
8409 2749
8410 2750
8414 2751
8416 2752
8421 2753
8423 2754
8427 2755
8428 2756
8433 2757
8438 2758
8441 2759
8444 2760
8445 2761
8446 2762
8447 2763
8449 2764
8450 2765
8451 2766
8453 2767
8457 2768
8462 2769
8467 2770
8472 2771
8477 2772
8479 2773
8481 2774
8485 2775
8487 2776
8490 2777
8495 2778
8496 2779
8498 2780
8502 2781
8505 2782
8508 2783
8511 2784
8512 2785
8516 2786
8520 2787
8521 2788
8523 2789
8528 2790
8529 2791
8532 2792
8535 2793
8537 2794
8542 2795
8544 2796
8548 2797
8551 2798
8552 2799
8556 2800
8560 2801
8563 2802
8567 2803
8572 2804
8576 2805
8579 2806
8583 2807
8587 2808
8592 2809
8593 2810
8598 2811
8600 2812
8602 2813
8604 2814
8605 2815
8609 2816
8610 2817
8614 2818
8616 2819
8621 2820
8624 2821
8625 2822
8630 2823
8635 2824
8637 2825
8640 2826
8645 2827
8646 2828
8649 2829
8650 2830
8651 2831
8656 2832
8659 2833
8661 2834
8666 2835
8669 2836
8670 2837
8673 2838
8678 2839
8681 2840
8684 2841
8687 2842
8688 2843
8689 2844
8693 2845
8695 2846
8697 2847
8701 2848
8703 2849
8705 2850
8708 2851
8710 2852
8712 2853
8717 2854
8719 2855
8721 2856
8723 2857
8728 2858
8733 2859
8738 2860
8740 2861
8742 2862
8745 2863
8750 2864
8754 2865
8758 2866
8760 2867
8765 2868
8769 2869
8771 2870
8772 2871
8773 2872
8776 2873
8781 2874
8785 2875
8787 2876
8790 2877
8794 2878
8795 2879
8799 2880
8803 2881
8806 2882
8811 2883
8812 2884
8816 2885
8820 2886
8823 2887
8826 2888
8827 2889
8828 2890
8833 2891
8837 2892
8842 2893
8845 2894
8847 2895
8848 2896
8850 2897
8854 2898
8856 2899
8859 2900
8864 2901
8868 2902
8872 2903
8876 2904
8881 2905
8882 2906
8887 2907
8892 2908
8894 2909
8897 2910
8899 2911
8902 2912
8905 2913
8910 2914
8912 2915
8914 2916
8917 2917
8919 2918
8921 2919
8923 2920
8925 2921
8926 2922
8928 2923
8932 2924
8934 2925
8937 2926
8938 2927
8941 2928
8944 2929
8947 2930
8948 2931
8953 2932
8955 2933
8956 2934
8957 2935
8958 2936
8962 2937
8963 2938
8964 2939
8967 2940
8970 2941
8973 2942
8977 2943
8980 2944
8981 2945
8984 2946
8989 2947
8991 2948
8995 2949
8998 2950
8999 2951
9001 2952
9003 2953
9006 2954
9009 2955
9013 2956
9016 2957
9018 2958
9020 2959
9025 2960
9027 2961
9032 2962
9037 2963
9039 2964
9042 2965
9044 2966
9047 2967
9051 2968
9055 2969
9058 2970
9060 2971
9062 2972
9067 2973
9069 2974
9071 2975
9072 2976
9075 2977
9079 2978
9084 2979
9085 2980
9088 2981
9093 2982
9096 2983
9100 2984
9101 2985
9102 2986
9107 2987
9108 2988
9112 2989
9117 2990
9122 2991
9126 2992
9130 2993
9133 2994
9137 2995
9139 2996
9144 2997
9148 2998
9153 2999
9154 3000
9155 3001
9160 3002
9161 3003
9165 3004
9170 3005
9174 3006
9176 3007
9181 3008
9186 3009
9190 3010
9194 3011
9195 3012
9197 3013
9199 3014
9201 3015
9204 3016
9209 3017
9213 3018
9217 3019
9221 3020
9222 3021
9224 3022
9225 3023
9229 3024
9234 3025
9239 3026
9240 3027
9241 3028
9242 3029
9245 3030
9249 3031
9253 3032
9257 3033
9260 3034
9265 3035
9266 3036
9269 3037
9271 3038
9273 3039
9277 3040
9282 3041
9284 3042
9288 3043
9291 3044
9295 3045
9299 3046
9301 3047
9305 3048
9307 3049
9311 3050
9316 3051
9320 3052
9322 3053
9327 3054
9328 3055
9329 3056
9334 3057
9335 3058
9340 3059
9345 3060
9347 3061
9348 3062
9351 3063
9354 3064
9359 3065
9363 3066
9365 3067
9369 3068
9372 3069
9375 3070
9378 3071
9383 3072
9385 3073
9389 3074
9393 3075
9396 3076
9399 3077
9402 3078
9404 3079
9407 3080
9410 3081
9411 3082
9416 3083
9420 3084
9425 3085
9428 3086
9433 3087
9434 3088
9437 3089
9441 3090
9442 3091
9444 3092
9448 3093
9450 3094
9452 3095
9453 3096
9455 3097
9457 3098
9461 3099
9464 3100
9467 3101
9472 3102
9477 3103
9480 3104
9481 3105
9485 3106
9490 3107
9491 3108
9496 3109
9498 3110
9501 3111
9502 3112
9506 3113
9511 3114
9512 3115
9514 3116
9518 3117
9520 3118
9523 3119
9527 3120
9529 3121
9531 3122
9536 3123
9541 3124
9546 3125
9548 3126
9551 3127
9552 3128
9555 3129
9560 3130
9563 3131
9567 3132
9570 3133
9573 3134
9577 3135
9582 3136
9586 3137
9591 3138
9594 3139
9595 3140
9596 3141
9598 3142
9602 3143
9607 3144
9609 3145
9614 3146
9619 3147
9621 3148
9626 3149
9630 3150
9631 3151
9632 3152
9635 3153
9636 3154
9640 3155
9642 3156
9647 3157
9649 3158
9654 3159
9659 3160
9663 3161
9664 3162
9668 3163
9673 3164
9678 3165
9681 3166
9685 3167
9688 3168
9690 3169
9695 3170
9699 3171
9701 3172
9703 3173
9705 3174
9708 3175
9710 3176
9713 3177
9716 3178
9721 3179
9724 3180
9728 3181
9729 3182
9734 3183
9735 3184
9736 3185
9740 3186
9741 3187
9744 3188
9747 3189
9750 3190
9751 3191
9755 3192
9760 3193
9764 3194
9767 3195
9769 3196
9774 3197
9776 3198
9777 3199
9778 3200
9782 3201
9784 3202
9789 3203
9790 3204
9792 3205
9796 3206
9798 3207
9801 3208
9806 3209
9808 3210
9812 3211
9815 3212
9818 3213
9823 3214
9828 3215
9833 3216
9834 3217
9837 3218
9838 3219
9842 3220
9843 3221
9847 3222
9849 3223
9850 3224
9851 3225
9856 3226
9861 3227
9863 3228
9866 3229
9867 3230
9868 3231
9869 3232
9870 3233
9875 3234
9880 3235
9885 3236
9889 3237
9892 3238
9897 3239
9898 3240
9903 3241
9907 3242
9911 3243
9914 3244
9916 3245
9919 3246
9923 3247
9925 3248
9930 3249
9932 3250
9935 3251
9937 3252
9942 3253
9944 3254
9945 3255
9946 3256
9951 3257
9955 3258
9956 3259
9959 3260
9962 3261
9963 3262
9964 3263
9969 3264
9973 3265
9978 3266
9979 3267
9982 3268
9983 3269
9985 3270
9987 3271
9989 3272
9990 3273
9992 3274
9993 3275
9998 3276
10003 3277
10007 3278
10008 3279
10010 3280
10011 3281
10014 3282
10016 3283
10021 3284
10025 3285
10027 3286
10032 3287
10033 3288
10038 3289
10043 3290
10045 3291
10048 3292
10052 3293
10055 3294
10058 3295
10061 3296
10064 3297
10065 3298
10068 3299
10073 3300
10074 3301
10078 3302
10081 3303
10085 3304
10088 3305
10091 3306
10092 3307
10094 3308
10097 3309
10102 3310
10105 3311
10110 3312
10114 3313
10115 3314
10118 3315
10121 3316
10126 3317
10131 3318
10135 3319
10138 3320
10142 3321
10147 3322
10151 3323
10153 3324
10155 3325
10157 3326
10162 3327
10164 3328
10166 3329
10168 3330
10171 3331
10173 3332
10174 3333
10177 3334
10179 3335
10182 3336
10187 3337
10192 3338
10195 3339
10200 3340
10204 3341
10209 3342
10211 3343
10214 3344
10219 3345
10223 3346
10227 3347
10231 3348
10234 3349
10239 3350
10240 3351
10243 3352
10244 3353
10247 3354
10251 3355
10255 3356
10257 3357
10258 3358
10260 3359
10262 3360
10264 3361
10267 3362
10268 3363
10270 3364
10271 3365
10276 3366
10278 3367
10281 3368
10283 3369
10284 3370
10285 3371
10288 3372
10293 3373
10297 3374
10298 3375
10300 3376
10303 3377
10306 3378
10307 3379
10311 3380
10312 3381
10314 3382
10317 3383
10320 3384
10323 3385
10324 3386
10327 3387
10328 3388
10332 3389
10334 3390
10335 3391
10338 3392
10342 3393
10344 3394
10348 3395
10353 3396
10356 3397
10358 3398
10363 3399
10367 3400
10370 3401
10372 3402
10375 3403
10378 3404
10379 3405
10380 3406
10382 3407
10385 3408
10388 3409
10389 3410
10391 3411
10395 3412
10400 3413
10401 3414
10406 3415
10408 3416
10411 3417
10416 3418
10420 3419
10422 3420
10424 3421
10428 3422
10429 3423
10434 3424
10436 3425
10441 3426
10442 3427
10447 3428
10450 3429
10451 3430
10456 3431
10460 3432
10465 3433
10470 3434
10474 3435
10478 3436
10483 3437
10486 3438
10487 3439
10489 3440
10493 3441
10494 3442
10495 3443
10498 3444
10499 3445
10502 3446
10507 3447
10511 3448
10516 3449
10517 3450
10518 3451
10523 3452
10528 3453
10533 3454
10534 3455
10539 3456
10542 3457
10544 3458
10549 3459
10551 3460
10556 3461
10560 3462
10562 3463
10565 3464
10568 3465
10570 3466
10574 3467
10576 3468
10581 3469
10584 3470
10586 3471
10587 3472
10589 3473
10590 3474
10592 3475
10593 3476
10594 3477
10599 3478
10602 3479
10603 3480
10607 3481
10612 3482
10615 3483
10616 3484
10618 3485
10621 3486
10624 3487
10625 3488
10628 3489
10633 3490
10637 3491
10642 3492
10645 3493
10648 3494
10650 3495
10655 3496
10657 3497
10661 3498
10666 3499
10667 3500
10669 3501
10672 3502
10674 3503
10678 3504
10683 3505
10685 3506
10689 3507
10690 3508
10692 3509
10693 3510
10697 3511
10701 3512
10702 3513
10707 3514
10708 3515
10713 3516
10714 3517
10716 3518
10717 3519
10720 3520
10722 3521
10727 3522
10732 3523
10733 3524
10736 3525
10740 3526
10742 3527
10747 3528
10752 3529
10753 3530
10758 3531
10763 3532
10764 3533
10765 3534
10767 3535
10768 3536
10771 3537
10772 3538
10775 3539
10776 3540
10781 3541
10785 3542
10790 3543
10793 3544
10797 3545
10798 3546
10799 3547
10801 3548
10803 3549
10807 3550
10809 3551
10811 3552
10816 3553
10817 3554
10821 3555
10824 3556
10825 3557
10830 3558
10833 3559
10837 3560
10838 3561
10839 3562
10843 3563
10848 3564
10849 3565
10850 3566
10853 3567
10856 3568
10859 3569
10860 3570
10862 3571
10863 3572
10866 3573
10868 3574
10871 3575
10875 3576
10879 3577
10884 3578
10885 3579
10888 3580
10889 3581
10890 3582
10893 3583
10895 3584
10898 3585
10899 3586
10903 3587
10907 3588
10910 3589
10911 3590
10914 3591
10915 3592
10916 3593
10919 3594
10920 3595
10924 3596
10928 3597
10933 3598
10937 3599
10939 3600
10941 3601
10944 3602
10947 3603
10952 3604
10956 3605
10960 3606
10961 3607
10964 3608
10968 3609
10969 3610
10971 3611
10975 3612
10980 3613
10981 3614
10982 3615
10983 3616
10986 3617
10990 3618
10992 3619
10994 3620
10996 3621
11000 3622
11002 3623
11004 3624
11006 3625
11008 3626
11011 3627
11015 3628
11019 3629
11021 3630
11026 3631
11028 3632
11032 3633
11033 3634
11038 3635
11040 3636
11044 3637
11046 3638
11051 3639
11052 3640
11057 3641
11060 3642
11061 3643
11062 3644
11063 3645
11067 3646
11070 3647
11074 3648
11079 3649
11082 3650
11084 3651
11087 3652
11091 3653
11094 3654
11097 3655
11102 3656
11105 3657
11109 3658
11112 3659
11114 3660
11118 3661
11123 3662
11124 3663
11129 3664
11133 3665
11136 3666
11139 3667
11142 3668
11146 3669
11148 3670
11153 3671
11158 3672
11163 3673
11165 3674
11169 3675
11171 3676
11172 3677
11174 3678
11179 3679
11182 3680
11187 3681
11192 3682
11194 3683
11196 3684
11198 3685
11203 3686
11204 3687
11206 3688
11210 3689
11213 3690
11216 3691
11221 3692
11226 3693
11230 3694
11235 3695
11240 3696
11243 3697
11245 3698
11246 3699
11248 3700
11252 3701
11254 3702
11259 3703
11262 3704
11263 3705
11266 3706
11267 3707
11269 3708
11270 3709
11275 3710
11280 3711
11282 3712
11287 3713
11289 3714
11293 3715
11298 3716
11301 3717
11302 3718
11304 3719
11308 3720
11310 3721
11313 3722
11314 3723
11319 3724
11324 3725
11326 3726
11327 3727
11329 3728
11330 3729
11331 3730
11336 3731
11340 3732
11344 3733
11346 3734
11348 3735
11351 3736
11354 3737
11357 3738
11358 3739
11362 3740
11367 3741
11370 3742
11375 3743
11376 3744
11379 3745
11381 3746
11385 3747
11389 3748
11394 3749
11397 3750
11402 3751
11407 3752
11410 3753
